456 382 604 361 614 433 467 453 car 0 601 394 2
175 410 334 410 334 486 175 486 car 0 328 446 2
142 739 0 721 7 658 150 677 car 0 136 710 2
72 490 0 490 0 420 72 420 car 0 66 458 2
519 565 665 578 659 644 513 631 car 0 657 611 2
328 905 406 881 452 1030 374 1054 car 0 417 1036 2
696 610 761 645 686 782 621 747 car 0 656 759 2
813 563 968 510 994 586 839 639 car 0 830 600 2
928 604 1100 618 1094 694 922 681 car 0 1085 657 2
1064 498 1227 498 1227 576 1064 576 car 0 1068 539 2
1299 511 1441 511 1441 585 1299 585 car 0 1307 548 2
1499 500 1681 500 1681 581 1499 581 car 0 1510 537 2
1766 519 1914 519 1914 592 1766 592 car 0 1773 557 2
1570 619 1739 619 1739 693 1570 693 car 0 1735 657 2
1375 613 1527 613 1527 681 1375 681 car 0 1527 648 2
1169 641 1328 641 1328 709 1169 709 car 0 1320 680 2
1464 703 1614 703 1614 770 1464 770 car 0 1608 737 2
1486 805 1656 805 1656 879 1486 879 car 0 1653 843 2
1143 922 1265 819 1316 879 1194 982 car 0 1289 848 2
1730 731 1901 731 1901 802 1730 802 car 0 1891 771 2
