1685 435 1847 435 1847 500 1685 500 car 0 1692 465 2
1684 515 1855 515 1855 591 1684 591 car 0 1691 546 2
1858 535 1920 535 1920 604 1858 604 car 0 1870 570 2
1690 616 1867 616 1867 696 1690 696 car 0 1700 652 2
1364 878 1535 818 1562 894 1391 954 car 0 1389 922 2
1127 120 1203 176 1052 382 976 327 car 0 1162 152 2
724 506 854 417 901 486 771 575 car 0 874 453 2
333 585 494 585 494 659 333 659 car 0 488 619 2
589 917 731 990 697 1058 554 986 car 0 711 1022 2
319 891 493 912 484 992 310 971 car 0 481 961 2
46 870 205 870 205 937 46 937 car 0 200 904 2
213 787 363 787 363 863 213 863 car 0 361 832 2
214 692 369 692 369 760 214 760 car 0 362 737 2
65 494 210 495 210 561 64 560 car 0 205 532 2
37 595 197 598 196 666 36 663 car 0 184 638 2
7 682 161 682 161 757 7 757 car 0 153 730 2
16 771 174 771 174 846 16 846 car 0 164 811 2
1705 57 1868 57 1868 130 1705 130 car 0 1859 90 2
1856 50 1717 50 1717 0 1856 0 car 0 1849 21 2
