1183 284 1242 325 1153 452 1094 410 car 0 1207 313 2
1216 79 1284 87 1267 230 1199 222 car 0 1253 91 2
874 575 1003 475 1047 532 918 632 car 0 1017 507 2
615 692 760 647 779 709 634 754 car 0 757 680 2
118 459 268 429 281 494 131 525 car 0 130 496 2
88 628 0 677 33 736 120 687 car 0 95 659 2
423 825 575 800 586 869 434 893 car 0 580 841 2
598 897 453 919 463 988 608 966 car 0 596 930 2
1706 700 1814 609 1866 670 1757 761 car 0 1740 726 2
1762 221 1907 192 1920 254 1774 283 car 0 1772 252 2
1787 286 1913 273 1920 349 1795 361 car 0 1797 329 2
1820 386 1913 377 1920 448 1827 458 car 0 1833 425 2
863 972 1019 994 1009 1068 853 1046 car 0 1011 1037 2
531 1007 677 977 691 1048 545 1078 car 0 670 1010 2
368 844 208 869 218 938 379 914 car 0 361 879 2
350 735 54 773 66 868 362 829 car 0 355 779 2
163 866 0 886 8 964 172 944 car 0 161 904 2
405 928 251 950 261 1022 415 1000 car 0 394 966 2
