1201 176 1465 198 1456 315 1192 293 car 0 1208 228 2
1219 331 1524 343 1519 477 1214 465 car 0 1237 392 2
669 264 932 290 917 438 654 411 car 0 672 335 2
153 244 433 269 420 410 140 384 car 0 158 297 2
306 428 575 447 566 566 298 547 car 0 315 483 2
196 571 457 592 447 715 186 694 car 0 199 627 2
1713 551 1997 565 1991 690 1707 676 car 0 1725 611 2
1950 379 2231 388 2227 525 1946 516 car 0 1954 449 2
2342 254 2656 261 2653 397 2339 391 car 0 2361 313 2
1826 731 2103 747 2095 886 1818 870 car 0 1828 797 2
