63 539 139 539 139 697 63 697 car 0 101 687 2
323 742 394 755 366 905 294 892 car 0 333 889 2
436 810 500 842 429 986 364 954 car 0 397 964 2
731 944 791 973 741 1077 681 1048 car 0 756 963 2
851 908 912 940 839 1080 778 1048 car 0 878 927 2
995 828 1059 861 984 1004 921 971 car 0 1024 848 2
1114 945 1255 884 1285 954 1145 1015 car 0 1266 920 2
807 725 877 755 812 904 743 874 car 0 844 749 2
638 606 704 642 627 785 560 748 car 0 600 761 2
627 442 689 475 620 604 558 571 car 0 600 586 2
839 397 902 431 825 572 762 538 car 0 801 552 2
885 539 955 569 900 700 830 671 car 0 920 560 2
1026 599 1085 632 1014 761 955 729 car 0 1051 621 2
1155 379 1211 408 1153 517 1097 487 car 0 1175 405 2
814 204 879 238 807 376 742 342 car 0 781 354 2
969 77 1034 112 962 244 897 209 car 0 931 220 2
1060 87 1120 120 1049 250 989 218 car 0 1023 229 2
1308 299 1368 329 1297 469 1237 438 car 0 1336 315 2
1210 64 1272 91 1219 216 1157 190 car 0 1192 196 2
1334 21 1399 51 1336 187 1272 158 car 0 1369 38 2
