409 787 503 790 497 994 403 992 car 0 445 985 2
528 755 614 755 614 944 528 944 car 0 570 935 2
660 808 841 817 836 903 655 894 car 0 664 849 2
686 690 854 701 849 780 680 768 car 0 692 730 2
644 598 812 598 812 677 644 677 car 0 656 635 2
560 485 831 466 838 565 567 584 car 0 572 533 2
702 338 902 338 902 424 702 424 car 0 706 379 2
1357 146 1550 84 1577 166 1383 228 car 0 1556 125 2
1529 216 1335 285 1365 368 1558 299 car 0 1536 257 2
1523 332 1347 396 1376 477 1552 413 car 0 1528 369 2
1500 475 1305 536 1333 626 1528 566 car 0 1503 519 2
1327 711 1530 711 1530 814 1327 814 car 0 1519 766 2
1328 960 1537 939 1547 1034 1338 1055 car 0 1536 993 2
