102 136 245 136 245 204 102 204 car 0 105 163 2
603 4 658 53 563 159 508 110 car 0 540 137 2
1097 615 966 670 994 735 1124 679 car 0 979 693 2
1460 576 1620 590 1613 660 1454 646 car 0 1463 608 2
1721 633 1887 655 1879 719 1712 697 car 0 1725 663 2
1636 750 1798 775 1788 844 1625 820 car 0 1786 810 2
1557 859 1706 864 1703 937 1555 933 car 0 1700 904 2
1361 710 1529 744 1514 816 1347 782 car 0 1520 781 2
1195 904 1336 827 1373 896 1233 972 car 0 1351 863 2
853 789 799 745 690 880 744 924 car 0 723 899 2
383 773 446 739 518 871 455 905 car 0 481 879 2
117 836 52 867 0 759 65 727 car 0 79 846 2
