1535 230 1603 260 1540 399 1473 369 car 0 1508 375 2
1730 105 1810 48 1775 0 1695 56 car 0 1720 79 2
1547 122 1648 50 1612 0 1511 71 car 0 1533 94 2
934 124 1006 104 1045 244 973 264 car 0 962 118 2
502 194 567 173 612 313 546 334 car 0 579 314 2
267 202 342 228 294 365 219 338 car 0 249 346 2
108 167 165 130 249 258 192 295 car 0 214 270 2
492 405 559 418 531 561 464 548 car 0 495 544 2
673 829 778 718 832 768 726 879 car 0 805 752 2
940 495 1005 522 949 657 884 629 car 0 972 516 2
1269 614 1340 614 1339 776 1267 775 car 0 1302 769 2
396 924 506 831 552 886 442 978 car 0 524 859 2
146 974 287 878 333 946 192 1042 car 0 178 1005 2
48 924 189 835 230 901 89 989 car 0 83 954 2
428 1033 550 937 587 983 464 1080 car 0 566 965 2
