889 539 955 566 899 707 832 680 car 0 922 561 2
1123 239 1182 260 1139 381 1081 360 car 0 1111 365 2
1205 66 1267 93 1214 215 1152 188 car 0 1185 192 2
1340 107 1406 138 1346 269 1280 238 car 0 1375 126 2
1002 154 1068 190 997 320 931 284 car 0 967 300 2
902 170 957 207 874 330 819 293 car 0 853 307 2
888 326 947 367 867 485 807 444 car 0 839 460 2
738 407 801 445 724 570 662 532 car 0 701 544 2
797 511 855 551 772 672 714 633 car 0 751 647 2
654 389 717 423 645 555 582 521 car 0 610 535 2
631 609 692 645 614 775 554 739 car 0 590 750 2
505 619 564 651 494 781 434 748 car 0 469 759 2
607 797 674 839 590 974 522 931 car 0 556 949 2
806 731 876 760 814 905 745 876 car 0 841 753 2
308 762 389 782 352 931 272 911 car 0 306 919 2
56 550 138 550 138 702 56 702 car 0 95 691 2
727 948 791 979 744 1078 679 1047 car 0 758 970 2
1097 945 1150 989 1076 1077 1023 1032 car 0 1122 976 2
1183 939 1338 923 1345 994 1190 1010 car 0 1335 957 2
