815 123 884 152 830 280 761 251 car 0 801 263 2
923 115 983 141 1033 26 973 0 car 0 950 122 2
1186 35 1243 59 1195 174 1138 150 car 0 1166 157 2
385 127 249 85 270 19 406 61 car 0 263 53 2
44 606 127 598 141 755 58 763 car 0 96 748 2
983 674 1141 674 1141 749 983 749 car 0 986 708 2
1241 661 1394 703 1375 770 1223 728 car 0 1236 697 2
1519 698 1683 759 1656 831 1492 769 car 0 1512 738 2
1540 851 1698 898 1677 971 1518 924 car 0 1678 930 2
1322 846 1175 930 1214 998 1361 914 car 0 1341 885 2
875 903 942 931 881 1076 814 1048 car 0 908 921 2
972 917 1043 949 984 1078 913 1046 car 0 1005 937 2
1079 994 1132 1026 1102 1076 1049 1044 car 0 1099 1021 2
