691 269 847 164 899 241 742 345 car 0 874 208 2
289 321 473 321 473 407 289 407 car 0 464 361 2
392 509 602 530 594 618 384 596 car 0 590 571 2
665 560 854 581 845 664 656 643 car 0 842 621 2
874 420 1063 408 1068 490 878 501 car 0 889 463 2
934 541 1134 541 1134 632 934 632 car 0 1119 589 2
1164 405 1370 405 1370 499 1164 499 car 0 1174 447 2
1507 430 1717 430 1717 522 1507 522 car 0 1513 470 2
1775 444 1919 444 1919 536 1775 536 car 0 1785 486 2
1514 560 1713 560 1713 653 1514 653 car 0 1708 609 2
1591 708 1799 708 1799 794 1591 794 car 0 1794 753 2
1428 823 1619 804 1629 903 1438 922 car 0 1620 847 2
1220 552 1433 552 1433 649 1220 649 car 0 1428 609 2
1186 664 1370 668 1368 746 1184 743 car 0 1362 708 2
58 475 250 475 250 566 58 566 car 0 236 524 2
157 773 0 724 26 635 184 683 car 0 157 729 2
152 399 0 399 0 311 152 311 car 0 139 359 2
1196 938 1282 965 1246 1080 1160 1054 car 0 1239 970 2
