1508 925 1673 983 1648 1053 1483 995 car 0 1657 1016 2
1222 960 1373 960 1373 1035 1222 1035 car 0 1367 999 2
930 780 997 820 908 971 841 932 car 0 963 809 2
790 783 859 816 788 960 719 926 car 0 820 807 2
684 758 734 809 612 927 562 876 car 0 596 902 2
536 701 604 745 503 902 436 858 car 0 469 871 2
1079 525 1141 562 1064 693 1002 656 car 0 1110 549 2
1261 386 1331 422 1260 559 1190 523 car 0 1302 410 2
903 355 964 397 891 504 830 462 car 0 861 480 2
771 526 828 569 734 694 677 652 car 0 712 672 2
668 411 732 448 650 588 586 551 car 0 622 565 2
65 528 140 527 141 676 66 677 car 0 100 671 2
780 227 839 264 761 388 702 350 car 0 739 369 2
804 343 862 379 799 483 740 447 car 0 777 465 2
948 124 999 156 922 276 872 243 car 0 899 255 2
1003 204 1062 237 992 358 934 324 car 0 963 332 2
1155 225 1210 248 1162 361 1107 338 car 0 1139 338 2
1212 98 1272 131 1326 32 1267 0 car 0 1245 111 2
1048 101 1108 141 1175 38 1115 0 car 0 1078 116 2
