1057 64 1243 2 1272 88 1085 150 car 0 1249 37 2
1057 184 1250 122 1278 208 1085 270 car 0 1253 161 2
1037 313 1229 254 1257 343 1064 403 car 0 1233 298 2
1047 430 1215 369 1245 449 1077 511 car 0 1222 407 2
1001 571 1193 510 1222 599 1029 661 car 0 1202 557 2
1024 749 1227 749 1227 848 1024 848 car 0 1217 804 2
1035 977 1239 977 1239 1074 1035 1074 car 0 1231 1030 2
410 369 600 369 600 457 410 457 car 0 416 413 2
260 513 531 491 539 591 268 612 car 0 273 558 2
344 630 520 630 520 710 344 710 car 0 356 672 2
386 723 554 724 553 810 385 808 car 0 391 761 2
364 839 551 839 551 927 364 927 car 0 373 881 2
229 782 318 782 318 974 229 974 car 0 275 963 2
106 815 208 815 208 1020 106 1020 car 0 157 1015 2
