1126 459 1371 562 1323 675 1078 571 car 0 1122 513 2
1210 247 1454 328 1412 457 1167 376 car 0 1196 301 2
1474 178 1728 268 1682 399 1427 309 car 0 1465 232 2
2217 511 2498 613 2447 751 2167 648 car 0 2215 577 2
1906 559 2234 683 2184 818 1855 694 car 0 1897 623 2
2288 912 2550 1020 2504 1132 2242 1024 car 0 2273 970 2
2516 1185 2718 1273 2668 1387 2466 1299 car 0 2499 1242 2
619 358 844 458 792 575 567 474 car 0 599 420 2
805 82 1043 180 996 296 757 198 car 0 791 137 2
481 125 732 228 685 342 434 239 car 0 468 183 2
