1132 408 1219 384 1270 569 1184 593 car 0 1170 400 2
1243 316 1427 251 1456 332 1272 397 car 0 1262 360 2
1660 216 1896 158 1918 247 1681 305 car 0 1677 270 2
1651 790 1870 743 1891 840 1671 887 car 0 1874 793 2
1438 840 1631 801 1649 889 1456 929 car 0 1634 847 2
1201 686 1293 665 1334 851 1242 871 car 0 1242 687 2
286 533 91 583 113 669 308 619 car 0 291 572 2
519 469 327 508 344 592 536 553 car 0 339 550 2
725 439 525 479 542 565 742 525 car 0 544 521 2
917 386 744 430 764 508 937 464 car 0 762 468 2
992 475 798 517 816 603 1011 561 car 0 995 515 2
1008 567 833 616 857 704 1033 655 car 0 1009 613 2
1044 670 868 713 889 797 1064 754 car 0 1047 709 2
1061 768 870 829 895 909 1086 848 car 0 1063 813 2
1104 897 907 933 922 1014 1119 979 car 0 1102 938 2
